2501
default_name
N 14.6736405771 37.2141525338 32.8683535556
H 13.793152522 37.4316204989 32.4920704666
H 14.6962234227 37.7441216379 33.6821512874
H 15.3047057446 37.4712076211 32.1837025671
C 14.7873062486 35.7339786939 33.2526807756
H 14.3795372603 35.1384076062 32.4916443666
C 16.2750741411 35.2297517427 33.5584537548
H 16.4822638024 35.554360519 34.5748584484
H 16.2999308869 34.0933346022 33.6008706349
S 17.4461485392 35.8542648457 32.3711925649
H 17.6839377349 36.982163224 33.1836133204
C 13.993305224 35.4993566368 34.4653409976
O 13.7728470484 36.4050719568 35.2552071096
N 13.5863736354 34.301883537 34.7632400347
H 13.8855006623 33.5845228522 34.1470739672
C 13.1428956854 33.8655035415 36.0414821558
H 12.3649224179 34.532401618 36.4321028242
C 12.5226313952 32.509470873 35.9599979267
H 13.3379909176 31.7882962474 35.8242441184
H 12.0845068077 32.4281754364 36.9881676398
O 11.62300249 32.3335214047 34.8089406403
H 12.1678503632 32.1136787024 34.0215493748
C 14.349087405 33.9843718545 37.0489204109
O 15.4999683139 34.3070552423 36.6868753851
N 14.0692910018 33.7563775074 38.3837945545
H 13.163313468 33.4864325989 38.6879596214
C 15.0697138432 33.6947280762 39.4739559002
H 15.3901841053 34.7147134326 39.6072132912
C 14.0732046501 33.3588086828 40.6268796766
H 14.6443224014 33.0524835032 41.4526194904
C 13.2715888362 34.5976662035 41.1592220767
H 12.716273202 34.2833371043 42.0396508479
H 13.9805353225 35.4333577404 41.457102123
H 12.5984738782 34.961833863 40.316898685
O 13.1137579837 32.3168136595 40.3721781225
H 13.4788146861 31.5492809857 39.8625592653
C 16.1545043581 32.6913336149 39.2006478606
O 15.8477453731 31.6372942796 38.6281529039
N 17.419944958 32.9612634956 39.4386358492
H 17.6167689935 33.7767171691 40.0525127254
C 18.503040605 32.0090792995 39.3455993763
H 18.279866544 31.3130540532 38.5218081549
